<map>
   <map_name>test</map_name>
   <map_size>30,30</map_size>
   <map_tiles>2,2,2,2,2,2,2,2,2,2,2,2,2,2,2,2,2,2,2,2,2,2,2,2,2,2,2,2,2,2</map_tiles>
   <map_tiles>2,1,1,1,1,1,1,1,1,1,1,1,1,1,1,1,1,1,1,1,1,1,1,1,1,1,1,1,1,2</map_tiles>
   <map_tiles>2,1,3,3,3,1,3,1,3,1,3,1,1,1,1,1,1,1,1,1,1,1,1,1,1,1,1,1,1,2</map_tiles>
   <map_tiles>2,1,3,1,3,1,3,1,3,1,3,1,1,1,1,1,1,1,1,1,1,1,1,1,1,1,1,1,1,2</map_tiles>
   <map_tiles>2,1,3,3,3,1,3,1,3,1,3,1,1,1,1,1,1,1,1,1,1,1,1,1,1,1,1,1,1,2</map_tiles>
   <map_tiles>2,1,3,1,1,1,3,1,3,1,3,1,1,1,1,1,1,1,1,1,1,1,1,1,1,1,1,1,1,2</map_tiles>
   <map_tiles>2,1,3,1,1,1,3,3,3,3,3,1,1,1,1,1,1,1,1,1,1,1,1,1,1,1,1,1,1,2</map_tiles>
   <map_tiles>2,1,1,1,1,1,1,1,1,1,1,1,1,1,1,1,1,1,1,1,1,1,1,1,1,1,1,1,1,2</map_tiles>
   <map_tiles>2,1,1,1,1,1,1,1,1,1,1,1,1,1,1,1,1,1,1,1,1,1,1,1,1,1,1,1,1,2</map_tiles>
   <map_tiles>1,1,1,1,1,1,1,1,1,1,1,1,1,1,1,1,1,1,1,1,1,1,1,1,1,1,1,1,1,2</map_tiles>
   <map_tiles>2,1,1,1,1,1,1,1,1,1,1,1,1,1,1,1,1,1,1,1,1,1,1,1,1,1,1,1,1,2</map_tiles>
   <map_tiles>2,1,1,1,1,1,1,1,1,1,1,1,1,1,1,1,1,1,1,1,1,1,1,1,1,1,1,1,1,2</map_tiles>
   <map_tiles>2,1,1,1,1,1,1,1,1,1,1,1,1,1,1,1,1,1,1,1,1,1,1,1,1,1,1,1,1,2</map_tiles>
   <map_tiles>2,1,1,1,1,1,1,1,1,1,1,1,1,1,1,1,1,1,1,1,1,1,1,1,1,1,1,1,1,2</map_tiles>
   <map_tiles>2,1,1,1,1,1,1,1,1,1,1,1,1,1,1,1,1,1,1,1,1,1,1,1,1,1,1,1,1,2</map_tiles>
   <map_tiles>2,1,1,1,1,1,1,1,1,1,1,1,1,1,1,1,1,1,1,1,1,1,1,1,1,1,1,1,1,2</map_tiles>
   <map_tiles>2,1,1,1,1,1,1,1,1,1,1,1,1,1,1,1,1,1,1,1,1,1,1,1,1,1,1,1,1,2</map_tiles>
   <map_tiles>2,1,1,1,1,1,1,1,1,1,1,1,1,1,1,1,1,1,1,1,1,1,1,1,1,1,1,1,1,2</map_tiles>
   <map_tiles>2,1,1,1,1,1,1,1,1,1,1,1,1,1,1,1,1,1,1,1,1,1,1,1,1,1,1,1,1,2</map_tiles>
   <map_tiles>2,1,1,1,1,1,1,1,1,1,1,1,1,1,1,1,1,1,1,1,1,1,1,1,1,1,1,1,1,2</map_tiles>
   <map_tiles>2,1,1,1,1,1,1,1,1,1,1,1,1,1,1,1,1,1,1,1,1,1,1,1,1,1,1,1,1,2</map_tiles>
   <map_tiles>2,1,1,1,1,1,1,1,1,1,1,1,1,1,1,1,1,1,1,1,1,1,1,1,1,1,1,1,1,2</map_tiles>
   <map_tiles>2,1,1,1,1,1,1,1,1,1,1,1,1,1,1,1,1,1,1,1,1,1,1,1,1,1,1,1,1,2</map_tiles>
   <map_tiles>2,1,1,1,1,1,1,1,1,1,1,1,1,1,1,1,1,1,1,1,1,1,1,1,1,1,1,1,1,2</map_tiles>
   <map_tiles>2,1,1,1,1,1,1,1,1,1,1,1,1,1,1,1,1,1,1,1,1,1,1,1,1,1,1,1,1,2</map_tiles>
   <map_tiles>2,1,1,1,1,1,1,1,1,1,1,1,1,1,1,1,1,1,1,1,1,1,1,1,1,1,1,1,1,2</map_tiles>
   <map_tiles>2,1,1,1,1,1,1,1,1,1,1,1,1,1,1,1,1,1,1,1,1,1,1,1,1,1,1,1,1,2</map_tiles>
   <map_tiles>2,1,1,1,1,1,1,1,1,1,1,1,1,1,1,1,1,1,1,1,1,1,1,1,1,1,1,1,1,2</map_tiles>
   <map_tiles>2,1,1,1,1,1,1,1,1,1,1,1,1,1,1,1,1,1,1,1,1,1,1,1,1,1,1,1,1,2</map_tiles>
   <map_tiles>2,2,2,2,2,2,2,2,2,2,2,2,2,2,2,2,2,2,2,2,2,2,2,2,2,2,2,2,2,2</map_tiles>
   
   <playerStartTile>15,5</playerStartTile>
   <map_music>music_001.ogg</map_music>
   <map_texture_atlas_diffuse>map_atlas_diffuse.png</map_texture_atlas_diffuse>
   <map_texture_atlas_normal>map_atlas_normal.png</map_texture_atlas_normal>
   <map_texture_atlas_specular>map_atlas_specular.png</map_texture_atlas_specular>
   <map_texture_atlas_size>2,2</map_texture_atlas_size>

   <map_biome>0</map_biome>
   <entity_wall>wall_001.txt</entity_wall>

   <portal_tile>0,9</portal_tile>
   <boss_alert_tile>15,15</boss_alert_tile>
</map>

